read command line
Date       hour minute remainingCapacity lastFullCapacity
04.06.2015 16   2      88.76             7068000         
04.06.2015 16   3      88.72             7068000         
04.06.2015 16   4      88.51             7068000         
04.06.2015 16   5      88.31             7068000         
04.06.2015 16   6      88.1              7068000         
04.06.2015 16   7      87.88             7068000         
04.06.2015 16   8      87.67             7068000         
04.06.2015 16   9      87.44             7068000         
04.06.2015 16   10     87.23             7068000         
04.06.2015 16   11     87.01             7068000         
04.06.2015 16   12     86.81             7068000         
04.06.2015 16   13     86.59             7068000         
04.06.2015 16   14     86.37             7068000         
04.06.2015 16   15     86.15             7068000         
04.06.2015 16   16     85.94             7068000         
04.06.2015 16   17     85.74             7068000         
04.06.2015 16   18     85.45             7068000         
04.06.2015 16   19     85.23             7068000         
04.06.2015 16   20     84.97             7068000         
04.06.2015 16   21     84.78             7068000         
04.06.2015 16   22     84.64             7068000         
04.06.2015 16   23     84.46             7068000         
04.06.2015 16   24     84.15             7068000         
04.06.2015 16   25     84.03             7068000         
04.06.2015 16   26     83.88             7068000         
04.06.2015 16   27     83.74             7068000         
04.06.2015 16   28     83.6              7068000         
04.06.2015 16   29     83.46             7068000         
04.06.2015 16   30     83.33             7068000         
04.06.2015 16   31     83.21             7068000         
04.06.2015 16   32     83.06             7068000         
04.06.2015 16   33     82.73             7068000         
04.06.2015 16   34     82.59             7068000         
04.06.2015 16   35     82.44             7068000         
04.06.2015 16   36     82.29             7068000         
04.06.2015 16   37     82.17             7068000         
04.06.2015 16   38     82.01             7068000         
04.06.2015 16   39     81.67             7068000         
04.06.2015 16   40     81.38             7068000         
04.06.2015 16   41     80.9              7068000         
04.06.2015 16   42     80.4              7068000         
04.06.2015 16   43     80.17             7068000         
04.06.2015 16   44     79.96             7068000         
04.06.2015 16   45     79.82             7068000         
04.06.2015 16   46     79.68             7068000         
04.06.2015 16   47     79.54             7068000         
04.06.2015 16   48     79.41             7068000         
04.06.2015 16   49     79.27             7068000         
04.06.2015 16   50     79.13             7068000         
04.06.2015 16   51     78.88             7068000         
04.06.2015 16   52     78.62             7068000         
04.06.2015 16   53     78.45             7068000         
04.06.2015 16   54     78.32             7068000         
04.06.2015 16   55     78.17             7068000         
04.06.2015 16   56     78.04             7068000         
04.06.2015 16   57     77.9              7068000         
04.06.2015 16   58     77.76             7068000         
04.06.2015 16   59     77.62             7068000         
04.06.2015 17   0      77.5              7068000         
04.06.2015 17   1      77.35             7068000         
04.06.2015 17   2      77.21             7068000         
04.06.2015 17   3      77.12             7068000         
04.06.2015 17   4      77.01             7068000         
04.06.2015 17   5      76.91             7068000         
04.06.2015 17   6      76.81             7068000         
04.06.2015 17   7      76.72             7068000         
04.06.2015 17   8      76.62             7068000         
04.06.2015 17   9      76.51             7068000         
04.06.2015 17   10     76.42             7068000         
04.06.2015 17   11     76.32             7068000         
04.06.2015 17   12     76.22             7068000         
04.06.2015 17   13     76.13             7068000         
04.06.2015 17   14     76.03             7068000         
04.06.2015 17   15     75.92             7068000         
04.06.2015 17   16     75.83             7068000         
04.06.2015 17   17     75.74             7068000         
04.06.2015 17   18     75.63             7068000         
04.06.2015 17   19     75.5              7068000         
04.06.2015 17   20     75.36             7068000         
04.06.2015 17   21     75.22             7068000         
04.06.2015 17   22     75.06             7068000         
04.06.2015 17   23     74.94             7068000         
04.06.2015 17   24     74.81             7068000         
04.06.2015 17   25     74.67             7068000         
04.06.2015 17   26     74.51             7068000         
04.06.2015 17   27     74.37             7068000         
04.06.2015 17   28     74.23             7068000         
04.06.2015 17   29     74.14             7068000         
04.06.2015 17   30     74                7068000         
04.06.2015 17   31     73.88             7068000         
04.06.2015 17   32     73.74             7068000         
04.06.2015 17   33     73.59             7068000         
04.06.2015 17   34     73.45             7068000         
04.06.2015 17   35     73.31             7068000         
04.06.2015 17   36     73.19             7068000         
04.06.2015 17   37     73.04             7068000         
04.06.2015 17   38     72.9              7068000         
04.06.2015 17   39     72.74             7068000         
04.06.2015 17   40     72.6              7068000         
04.06.2015 17   41     72.46             7068000         
04.06.2015 17   42     72.33             7068000         
04.06.2015 17   43     72.19             7068000         
04.06.2015 17   44     72.04             7068000         
04.06.2015 17   45     71.91             7068000         
04.06.2015 17   46     71.77             7068000         
04.06.2015 17   47     71.62             7068000         
04.06.2015 17   48     71.49             7068000         
04.06.2015 17   49     71.36             7068000         
04.06.2015 17   50     71.26             7068000         
04.06.2015 17   51     71.15             7068000         
04.06.2015 17   52     71.06             7068000         
04.06.2015 17   53     70.92             7068000         
04.06.2015 17   54     70.79             7068000         
04.06.2015 17   55     70.65             7068000         
04.06.2015 17   56     70.51             7068000         
04.06.2015 17   57     70.37             7068000         
04.06.2015 17   58     70.23             7068000         
04.06.2015 17   59     70.08             7068000         
04.06.2015 18   0      69.95             7068000         
04.06.2015 18   1      69.81             7068000         
04.06.2015 18   2      69.67             7068000         
04.06.2015 18   3      69.53             7068000         
04.06.2015 18   4      69.38             7068000         
04.06.2015 18   5      69.23             7068000         
04.06.2015 18   6      69.1              7068000         
04.06.2015 18   7      68.97             7068000         
04.06.2015 18   8      68.83             7068000         
04.06.2015 18   9      68.74             7068000         
04.06.2015 18   10     68.64             7068000         
04.06.2015 18   11     68.53             7068000         
04.06.2015 18   12     68.44             7068000         
04.06.2015 18   13     68.35             7068000         
04.06.2015 18   14     68.23             7068000         
04.06.2015 19   26     67.88             78460000        
04.06.2015 19   27     67.8              78460000        
04.06.2015 19   28     67.65             78460000        
04.06.2015 19   29     67.51             78460000        
04.06.2015 19   30     67.37             78460000        
04.06.2015 19   31     67.23             78460000        
04.06.2015 19   32     67.08             78460000        
04.06.2015 19   33     66.96             78460000        
04.06.2015 19   34     66.81             78460000        
04.06.2015 19   35     66.66             78460000        
04.06.2015 19   36     66.5              78460000        
04.06.2015 19   37     66.37             78460000        
04.06.2015 19   38     66.22             78460000        
04.06.2015 19   39     66.07             78460000        
04.06.2015 19   40     65.92             78460000        
04.06.2015 19   41     65.77             78460000        
04.06.2015 19   42     65.6              78460000        
04.06.2015 19   43     65.43             78460000        
04.06.2015 19   44     65.26             78460000        
04.06.2015 19   45     65.08             78460000        
04.06.2015 19   46     64.92             78460000        
04.06.2015 19   47     64.75             78460000        
04.06.2015 19   48     64.61             78460000        
04.06.2015 19   49     64.46             78460000        
04.06.2015 19   50     64.29             78460000        
04.06.2015 19   51     64.1              78460000        
04.06.2015 19   52     63.92             78460000        
04.06.2015 19   53     63.76             78460000        
04.06.2015 19   54     63.59             78460000        
04.06.2015 19   55     63.43             78460000        
04.06.2015 19   56     63.29             78460000        
04.06.2015 19   57     63.14             78460000        
04.06.2015 19   58     63.01             78460000        
04.06.2015 19   59     62.82             78460000        
04.06.2015 20   0      62.67             78460000        
04.06.2015 20   1      62.51             78460000        
04.06.2015 20   2      62.36             78460000        
04.06.2015 20   3      62.2              78460000        
04.06.2015 20   4      62.04             78460000        
04.06.2015 20   5      61.9              78460000        
04.06.2015 20   6      61.75             78460000        
04.06.2015 20   7      61.58             78460000        
04.06.2015 20   8      61.43             78460000        
04.06.2015 20   9      61.28             78460000        
04.06.2015 20   10     61.13             78460000        
04.06.2015 20   11     61                78460000        
04.06.2015 20   12     60.85             78460000        
04.06.2015 20   13     60.68             78460000        
04.06.2015 20   14     60.55             78460000        
04.06.2015 20   15     60.4              78460000        
04.06.2015 20   16     60.26             78460000        
04.06.2015 20   17     60.12             78460000        
04.06.2015 20   18     59.97             78460000        
04.06.2015 20   19     59.82             78460000        
04.06.2015 20   20     59.67             78460000        
04.06.2015 20   21     59.52             78460000        
04.06.2015 20   22     59.37             78460000        
04.06.2015 20   23     59.23             78460000        
04.06.2015 20   24     59.08             78460000        
04.06.2015 20   25     58.95             78460000        
04.06.2015 20   26     58.8              78460000        
04.06.2015 20   27     58.66             78460000        
04.06.2015 20   28     58.51             78460000        
04.06.2015 20   29     58.36             78460000        
04.06.2015 20   30     58.21             78460000        
04.06.2015 20   31     58.05             78460000        
04.06.2015 20   32     57.9              78460000        
04.06.2015 20   33     57.76             78460000        
04.06.2015 20   34     57.61             78460000        
04.06.2015 20   35     57.46             78460000        
04.06.2015 20   36     57.31             78460000        
04.06.2015 20   37     57.15             78460000        
04.06.2015 20   38     57                78460000        
04.06.2015 20   39     56.85             78460000        
04.06.2015 20   40     56.7              78460000        
04.06.2015 20   41     56.54             78460000        
04.06.2015 20   42     56.39             78460000        
04.06.2015 20   43     56.24             78460000        
04.06.2015 20   44     56.08             78460000        
04.06.2015 20   45     55.95             78460000        
04.06.2015 20   46     55.73             78460000        
04.06.2015 20   47     55.51             78460000        
04.06.2015 20   48     55.3              78460000        
04.06.2015 20   49     55.12             78460000        
04.06.2015 20   50     54.93             78460000        
04.06.2015 20   51     54.76             78460000        
04.06.2015 20   52     54.59             78460000        
04.06.2015 20   53     54.42             78460000        
04.06.2015 20   54     54.24             78460000        
04.06.2015 20   55     54.07             78460000        
04.06.2015 20   56     53.9              78460000        
04.06.2015 20   57     53.73             78460000        
04.06.2015 20   58     53.57             78460000        
04.06.2015 20   59     53.37             78460000        
04.06.2015 21   0      53.21             78460000        
04.06.2015 21   1      53.04             78460000        
04.06.2015 21   2      52.88             78460000        
04.06.2015 21   3      52.69             78460000        
04.06.2015 21   4      52.53             78460000        
04.06.2015 21   5      52.36             78460000        
04.06.2015 21   6      52.18             78460000        
04.06.2015 21   7      52                78460000        
04.06.2015 21   8      51.84             78460000        
04.06.2015 21   9      51.65             78460000        
04.06.2015 21   10     51.47             78460000        
04.06.2015 21   11     51.28             78460000        
04.06.2015 21   12     51.07             78460000        
04.06.2015 21   13     50.88             78460000        
04.06.2015 21   14     50.67             78460000        
04.06.2015 21   15     50.46             78460000        
04.06.2015 21   16     50.28             78460000        
04.06.2015 21   17     50.1              78460000        
04.06.2015 21   18     49.94             78460000        
04.06.2015 21   19     49.77             78460000        
04.06.2015 21   20     49.58             78460000        
04.06.2015 21   21     49.41             78460000        
04.06.2015 21   22     49.2              78460000        
04.06.2015 21   23     49.03             78460000        
04.06.2015 21   24     48.82             78460000        
04.06.2015 21   25     48.65             78460000        
05.06.2015 19   47     48.15             78460000        
05.06.2015 19   48     48.02             78460000        
05.06.2015 19   49     47.85             78460000        
05.06.2015 19   50     47.68             78460000        
05.06.2015 19   51     47.49             78460000        
05.06.2015 19   52     47.33             78460000        
05.06.2015 19   53     47.12             78460000        
05.06.2015 19   54     46.92             78460000        
05.06.2015 19   55     46.72             78460000        
05.06.2015 19   56     46.51             78460000        
05.06.2015 19   57     46.33             78460000        
05.06.2015 19   58     46.12             78460000        
05.06.2015 19   59     45.9              78460000        
05.06.2015 20   0      45.69             78460000        
05.06.2015 20   1      45.5              78460000        
05.06.2015 20   2      45.29             78460000        
05.06.2015 20   3      45.08             78460000        
05.06.2015 20   4      44.89             78460000        
05.06.2015 20   5      44.69             78460000        
05.06.2015 20   6      44.49             78460000        
05.06.2015 20   7      44.27             78460000        
05.06.2015 20   8      44.05             78460000        
05.06.2015 20   9      43.83             78460000        
05.06.2015 20   10     43.61             78460000        
05.06.2015 20   11     43.43             78460000        
05.06.2015 20   12     43.22             78460000        
05.06.2015 20   13     43                78460000        
05.06.2015 20   14     42.79             78460000        
05.06.2015 20   15     42.58             78460000        
05.06.2015 20   16     42.38             78460000        
05.06.2015 20   17     42.18             78460000        
05.06.2015 20   18     41.96             78460000        
05.06.2015 20   19     41.75             78460000        
05.06.2015 20   20     41.53             78460000        
05.06.2015 20   21     41.34             78460000        
05.06.2015 20   22     41.12             78460000        
05.06.2015 20   23     40.9              78460000        
05.06.2015 20   24     40.64             78460000        
05.06.2015 20   25     40.44             78460000        
05.06.2015 20   26     40.23             78460000        
05.06.2015 20   27     40.03             78460000        
05.06.2015 20   28     39.82             78460000        
05.06.2015 20   29     39.59             78460000        
05.06.2015 20   30     39.36             78460000        
05.06.2015 20   31     39.12             78460000        
05.06.2015 20   32     38.9              78460000        
05.06.2015 20   33     38.68             78460000        
05.06.2015 20   34     38.46             78460000        
05.06.2015 20   35     38.27             78460000        
05.06.2015 20   36     38.05             78460000        
05.06.2015 20   37     37.84             78460000        
05.06.2015 20   38     37.63             78460000        
05.06.2015 20   39     37.4              78460000        
05.06.2015 20   40     37.19             78460000        
05.06.2015 20   41     36.97             78460000        
05.06.2015 20   42     36.73             78460000        
05.06.2015 20   43     36.5              78460000        
05.06.2015 20   44     36.28             78460000        
05.06.2015 20   45     36.04             78460000        
05.06.2015 20   46     35.83             78460000        
05.06.2015 20   47     35.53             78460000        
05.06.2015 20   48     35.31             78460000        
05.06.2015 20   49     35.1              78460000        
05.06.2015 20   50     34.87             78460000        
05.06.2015 20   51     34.66             78460000        
05.06.2015 20   52     34.48             78460000        
05.06.2015 20   53     34.27             78460000        
05.06.2015 20   54     34.06             78460000        
05.06.2015 20   55     33.86             78460000        
05.06.2015 20   56     33.65             78460000        
05.06.2015 20   57     33.44             78460000        
05.06.2015 20   58     33.23             78460000        
05.06.2015 20   59     33.04             78460000        
05.06.2015 21   0      32.83             78460000        
05.06.2015 21   1      32.63             78460000        
05.06.2015 21   2      32.42             78460000        
05.06.2015 21   3      32.21             78460000        
05.06.2015 21   4      31.99             78460000        
05.06.2015 21   5      31.8              78460000        
05.06.2015 21   6      31.59             78460000        
05.06.2015 21   7      31.38             78460000        
05.06.2015 21   8      31.19             78460000        
05.06.2015 21   9      30.98             78460000        
05.06.2015 21   10     30.76             78460000        
05.06.2015 21   11     30.56             78460000        
05.06.2015 21   12     30.35             78460000        
05.06.2015 21   13     30.15             78460000        
05.06.2015 21   14     29.94             78460000        
05.06.2015 21   15     29.72             78460000        
05.06.2015 21   16     29.51             78460000        
05.06.2015 21   17     29.3              78460000        
05.06.2015 21   18     29.11             78460000        
05.06.2015 21   19     28.9              78460000        
05.06.2015 21   20     28.67             78460000        
05.06.2015 21   21     28.45             78460000        
05.06.2015 21   22     28.18             78460000        
05.06.2015 21   23     27.9              78460000        
05.06.2015 21   24     27.6              78460000        
05.06.2015 21   25     27.37             78460000        
05.06.2015 21   26     27.13             78460000        
05.06.2015 21   27     26.91             78460000        
05.06.2015 21   28     26.68             78460000        
05.06.2015 21   29     26.38             78460000        
05.06.2015 21   30     25.96             78460000        
05.06.2015 21   31     25.5              78460000        
05.06.2015 21   32     24.98             78460000        
05.06.2015 21   33     24.47             78460000        
05.06.2015 21   34     23.94             78460000        
05.06.2015 21   35     23.42             78460000        
05.06.2015 21   36     22.9              78460000        
05.06.2015 21   37     22.35             78460000        
05.06.2015 21   38     21.74             78460000        
05.06.2015 21   39     21.17             78460000        
05.06.2015 21   40     20.59             78460000        
05.06.2015 21   41     20.11             78460000        
05.06.2015 21   42     19.81             78460000        
05.06.2015 21   43     19.39             78460000        
10.06.2015 16   41     90.07             78450000        
10.06.2015 16   41     90.07             78450000        
10.06.2015 16   42     89.91             78450000        
10.06.2015 16   43     89.76             78450000        
10.06.2015 16   44     89.6              78450000        
10.06.2015 16   45     89.42             78450000        
10.06.2015 16   46     89.21             78450000        
10.06.2015 16   47     88.82             78450000        
10.06.2015 16   48     88.5              78450000        
10.06.2015 16   49     88.14             78450000        
10.06.2015 16   50     87.86             78450000        
10.06.2015 16   51     87.68             78450000        
10.06.2015 16   52     87.42             78450000        
10.06.2015 16   53     87.08             78450000        
10.06.2015 16   54     86.91             78450000        
10.06.2015 16   55     86.67             78450000        
10.06.2015 16   56     86.43             78450000        
10.06.2015 16   57     86.24             78450000        
10.06.2015 16   58     86.09             78450000        
10.06.2015 16   59     85.94             78450000        
10.06.2015 17   0      85.77             78450000        
10.06.2015 17   1      85.62             78450000        
10.06.2015 17   2      85.46             78450000        
10.06.2015 17   3      85.29             78450000        
10.06.2015 17   4      85.14             78450000        
10.06.2015 17   5      84.92             78450000        
10.06.2015 17   6      84.56             78450000        
10.06.2015 17   7      84.04             78450000        
10.06.2015 17   8      83.47             78450000        
10.06.2015 17   9      82.96             78450000        
10.06.2015 17   10     82.51             78450000        
10.06.2015 17   11     82.28             78450000        
10.06.2015 17   12     82.07             78450000        
10.06.2015 17   13     81.88             78450000        
10.06.2015 17   14     81.66             78450000        
10.06.2015 17   15     81.45             78450000        
10.06.2015 17   16     81.28             78450000        
10.06.2015 17   17     81.13             78450000        
10.06.2015 17   18     80.99             78450000        
10.06.2015 17   19     80.84             78450000        
10.06.2015 17   20     80.69             78450000        
10.06.2015 17   21     80.55             78450000        
10.06.2015 17   22     80.4              78450000        
10.06.2015 17   23     80.27             78450000        
10.06.2015 17   24     80.12             78450000        
10.06.2015 17   25     79.97             78450000        
10.06.2015 17   26     79.83             78450000        
10.06.2015 17   27     79.67             78450000        
10.06.2015 17   28     79.52             78450000        
10.06.2015 17   29     79.42             78450000        
10.06.2015 17   30     79.31             78450000        
10.06.2015 17   31     79.21             78450000        
10.06.2015 17   32     79.09             78450000        
10.06.2015 17   33     78.93             78450000        
10.06.2015 17   34     78.78             78450000        
10.06.2015 17   35     78.54             78450000        
10.06.2015 17   36     78.36             78450000        
10.06.2015 17   37     78.16             78450000        
10.06.2015 17   38     77.97             78450000        
10.06.2015 17   39     77.78             78450000        
10.06.2015 17   40     77.59             78450000        
10.06.2015 17   41     77.4              78450000        
10.06.2015 17   42     77.21             78450000        
10.06.2015 17   43     77                78450000        
10.06.2015 17   44     76.81             78450000        
10.06.2015 17   45     76.61             78450000        
10.06.2015 17   46     76.43             78450000        
10.06.2015 17   47     76.21             78450000        
10.06.2015 17   48     76.01             78450000        
10.06.2015 17   49     75.81             78450000        
10.06.2015 17   50     75.61             78450000        
10.06.2015 17   51     75.42             78450000        
10.06.2015 17   52     75.2              78450000        
10.06.2015 17   53     74.99             78450000        
10.06.2015 17   54     74.8              78450000        
10.06.2015 17   55     74.6              78450000        
10.06.2015 17   56     74.42             78450000        
10.06.2015 17   57     74.22             78450000        
10.06.2015 17   58     74.04             78450000        
10.06.2015 17   59     73.83             78450000        
10.06.2015 18   0      73.65             78450000        
10.06.2015 18   1      73.45             78450000        
10.06.2015 18   2      73.27             78450000        
10.06.2015 18   3      73.08             78450000        
10.06.2015 18   4      72.92             78450000        
10.06.2015 18   5      72.75             78450000        
10.06.2015 18   6      72.59             78450000        
10.06.2015 18   7      72.43             78450000        
10.06.2015 18   8      72.28             78450000        
10.06.2015 18   9      72.12             78450000        
10.06.2015 18   10     71.96             78450000        
10.06.2015 18   11     71.78             78450000        
10.06.2015 18   12     71.62             78450000        
10.06.2015 18   13     71.47             78450000        
10.06.2015 18   14     71.21             78450000        
10.06.2015 18   15     70.92             78450000        
10.06.2015 18   16     70.65             78450000        
10.06.2015 18   17     70.37             78450000        
10.06.2015 18   18     70.11             78450000        
10.06.2015 18   19     69.82             78450000        
10.06.2015 18   20     69.58             78450000        
10.06.2015 18   21     69.27             78450000        
10.06.2015 18   22     68.99             78450000        
10.06.2015 18   23     68.75             78450000        
10.06.2015 18   24     68.57             78450000        
10.06.2015 18   25     68.41             78450000        
10.06.2015 18   26     68.26             78450000        
10.06.2015 18   27     68.09             78450000        
10.06.2015 18   28     67.91             78450000        
10.06.2015 18   29     67.75             78450000        
10.06.2015 18   30     67.61             78450000        
10.06.2015 18   31     67.46             78450000        
10.06.2015 18   32     67.31             78450000        
10.06.2015 18   33     67.19             78450000        
11.06.2015 20   46     66.72             78450000        
11.06.2015 20   47     66.67             78450000        
11.06.2015 20   48     66.29             78450000        
11.06.2015 20   49     65.99             78450000        
11.06.2015 20   50     65.66             78450000        
11.06.2015 20   51     65.36             78450000        
11.06.2015 20   52     65.03             78450000        
11.06.2015 20   53     64.68             78450000        
11.06.2015 20   54     64.35             78450000        
11.06.2015 20   55     64.14             78450000        
11.06.2015 20   56     63.84             78450000        
11.06.2015 20   57     63.46             78450000        
11.06.2015 20   58     63.06             78450000        
11.06.2015 20   59     62.75             78450000        
11.06.2015 21   0      62.59             78450000        
11.06.2015 21   1      62.21             78450000        
11.06.2015 21   2      62.04             78450000        
11.06.2015 21   3      61.87             78450000        
12.06.2015 18   5      61.39             78450000        
12.06.2015 18   6      61.11             78450000        
12.06.2015 18   7      60.89             78450000        
12.06.2015 18   8      60.74             78450000        
12.06.2015 18   9      60.59             78450000        
12.06.2015 18   10     60.44             78450000        
12.06.2015 18   11     60.29             78450000        
12.06.2015 18   12     60.14             78450000        
12.06.2015 18   13     59.99             78450000        
12.06.2015 18   14     59.81             78450000        
12.06.2015 18   15     59.47             78450000        
12.06.2015 18   16     59.33             78450000        
12.06.2015 18   17     59.18             78450000        
12.06.2015 18   18     59.01             78450000        
12.06.2015 18   19     58.88             78450000        
12.06.2015 18   20     58.72             78450000        
12.06.2015 18   21     58.55             78450000        
12.06.2015 18   22     58.41             78450000        
12.06.2015 18   23     58.26             78450000        
12.06.2015 18   24     58.07             78450000        
12.06.2015 18   25     57.92             78450000        
12.06.2015 18   26     57.77             78450000        
12.06.2015 18   27     57.59             78450000        
12.06.2015 18   28     57.43             78450000        
12.06.2015 18   29     57.28             78450000        
12.06.2015 18   30     57.13             78450000        
12.06.2015 18   31     56.98             78450000        
12.06.2015 18   32     56.83             78450000        
12.06.2015 18   33     56.68             78450000        
12.06.2015 18   34     56.54             78450000        
12.06.2015 18   35     56.39             78450000        
12.06.2015 18   36     56.24             78450000        
12.06.2015 18   37     56.11             78450000        
12.06.2015 18   38     55.99             78450000        
12.06.2015 18   39     55.89             78450000        
12.06.2015 18   40     55.8              78450000        
12.06.2015 18   41     55.68             78450000        
12.06.2015 18   42     55.59             78450000        
12.06.2015 18   43     55.49             78450000        
12.06.2015 18   44     55.37             78450000        
12.06.2015 18   45     55.28             78450000        
12.06.2015 18   46     55.16             78450000        
12.06.2015 18   47     55.06             78450000        
12.06.2015 18   48     54.97             78450000        
12.06.2015 18   49     54.85             78450000        
12.06.2015 18   50     54.75             78450000        
12.06.2015 18   51     54.65             78450000        
12.06.2015 18   52     54.54             78450000        
12.06.2015 18   53     54.44             78450000        
12.06.2015 18   54     54.33             78450000        
12.06.2015 18   55     54.2              78450000        
12.06.2015 18   56     54.05             78450000        
12.06.2015 18   57     53.92             78450000        
12.06.2015 18   58     53.77             78450000        
12.06.2015 18   59     53.62             78450000        
12.06.2015 19   0      53.47             78450000        
12.06.2015 19   1      53.34             78450000        
12.06.2015 19   2      53.19             78450000        
12.06.2015 19   3      53.04             78450000        
12.06.2015 19   4      52.9              78450000        
12.06.2015 19   5      52.75             78450000        
12.06.2015 19   6      52.61             78450000        
12.06.2015 19   7      52.45             78450000        
12.06.2015 19   8      52.31             78450000        
12.06.2015 19   9      52.16             78450000        
12.06.2015 19   10     52.02             78450000        
12.06.2015 19   11     51.88             78450000        
12.06.2015 19   12     51.73             78450000        
12.06.2015 19   13     51.59             78450000        
12.06.2015 19   14     51.49             78450000        
12.06.2015 19   15     51.39             78450000        
12.06.2015 19   16     51.28             78450000        
12.06.2015 19   17     51.18             78450000        
12.06.2015 19   18     51.06             78450000        
12.06.2015 19   19     50.88             78450000        
12.06.2015 19   20     50.72             78450000        
12.06.2015 19   21     50.54             78450000        
12.06.2015 19   22     50.4              78450000        
12.06.2015 19   23     50.23             78450000        
12.06.2015 19   24     50.06             78450000        
12.06.2015 19   25     49.9              78450000        
12.06.2015 19   26     49.73             78450000        
12.06.2015 19   27     49.57             78450000        
12.06.2015 19   28     49.42             78450000        
12.06.2015 19   29     49.26             78450000        
12.06.2015 19   30     49.1              78450000        
12.06.2015 19   31     48.91             78450000        
12.06.2015 19   32     48.75             78450000        
12.06.2015 19   33     48.6              78450000        
12.06.2015 19   34     48.44             78450000        
12.06.2015 19   35     48.28             78450000        
12.06.2015 19   36     48.12             78450000        
12.06.2015 19   37     47.96             78450000        
12.06.2015 19   38     47.79             78450000        
12.06.2015 19   39     47.62             78450000        
12.06.2015 19   40     47.46             78450000        
12.06.2015 19   41     47.3              78450000        
12.06.2015 19   42     47.14             78450000        
12.06.2015 19   43     46.97             78450000        
12.06.2015 19   44     46.81             78450000        
12.06.2015 19   45     46.65             78450000        
12.06.2015 19   46     46.49             78450000        
12.06.2015 19   47     46.33             78450000        
12.06.2015 19   48     46.15             78450000        
12.06.2015 19   49     45.99             78450000        
12.06.2015 19   50     45.83             78450000        
12.06.2015 19   51     45.67             78450000        
12.06.2015 19   52     45.51             78450000        
12.06.2015 19   53     45.35             78450000        
12.06.2015 19   54     45.17             78450000        
12.06.2015 19   55     45                78450000        
12.06.2015 19   56     44.84             78450000        
12.06.2015 19   57     44.68             78450000        
12.06.2015 19   58     44.51             78450000        
12.06.2015 19   59     44.34             78450000        
12.06.2015 20   0      44.18             78450000        
12.06.2015 20   1      44.02             78450000        
12.06.2015 20   2      43.84             78450000        
12.06.2015 20   3      43.68             78450000        
12.06.2015 20   4      43.52             78450000        
12.06.2015 20   5      43.36             78450000        
12.06.2015 20   6      43.2              78450000        
12.06.2015 20   7      43.04             78450000        
12.06.2015 20   8      42.87             78450000        
12.06.2015 20   9      42.69             78450000        
12.06.2015 20   10     42.53             78450000        
12.06.2015 20   11     42.37             78450000        
12.06.2015 20   12     42.2              78450000        
12.06.2015 20   13     42.04             78450000        
12.06.2015 20   14     41.88             78450000        
12.06.2015 20   15     41.72             78450000        
12.06.2015 20   16     41.56             78450000        
12.06.2015 20   17     41.38             78450000        
12.06.2015 20   18     41.21             78450000        
12.06.2015 20   19     41.05             78450000        
12.06.2015 20   20     40.89             78450000        
12.06.2015 20   21     40.73             78450000        
12.06.2015 20   22     40.56             78450000        
12.06.2015 20   23     40.4              78450000        
12.06.2015 20   24     40.23             78450000        
12.06.2015 20   25     40.07             78450000        
12.06.2015 20   26     39.89             78450000        
12.06.2015 20   27     39.73             78450000        
12.06.2015 20   28     39.57             78450000        
12.06.2015 20   29     39.39             78450000        
12.06.2015 20   30     39.22             78450000        
12.06.2015 20   31     39.05             78450000        
12.06.2015 20   32     38.9              78450000        
12.06.2015 20   33     38.74             78450000        
12.06.2015 20   34     38.57             78450000        
12.06.2015 20   35     38.4              78450000        
12.06.2015 20   36     38.23             78450000        
12.06.2015 20   37     38.07             78450000        
12.06.2015 20   38     37.91             78450000        
12.06.2015 20   39     37.73             78450000        
12.06.2015 20   40     37.57             78450000        
12.06.2015 20   41     37.41             78450000        
13.06.2015 6    18     36.96             78450000        
13.06.2015 6    19     36.61             78450000        
13.06.2015 6    20     36.36             78450000        
13.06.2015 6    21     36.14             78450000        
13.06.2015 6    22     35.94             78450000        
13.06.2015 6    23     35.72             78450000        
13.06.2015 6    24     35.5              78450000        
13.06.2015 6    25     35.3              78450000        
13.06.2015 6    26     35.1              78450000        
13.06.2015 6    27     34.82             78450000        
13.06.2015 6    28     34.6              78450000        
13.06.2015 6    29     34.38             78450000        
13.06.2015 6    30     34.18             78450000        
13.06.2015 6    31     33.96             78450000        
13.06.2015 6    32     33.75             78450000        
13.06.2015 6    33     33.52             78450000        
13.06.2015 6    34     33.3              78450000        
13.06.2015 6    35     33.09             78450000        
13.06.2015 6    36     32.87             78450000        
13.06.2015 6    37     32.64             78450000        
13.06.2015 6    38     32.41             78450000        
13.06.2015 6    39     32.19             78450000        
13.06.2015 6    40     31.96             78450000        
13.06.2015 6    41     31.74             78450000        
13.06.2015 6    42     31.52             78450000        
13.06.2015 6    43     31.3              78450000        
13.06.2015 6    44     31.09             78450000        
13.06.2015 6    45     30.86             78450000        
13.06.2015 6    46     30.63             78450000        
13.06.2015 16   0      30.08             78450000        
13.06.2015 16   1      30.02             78450000        
13.06.2015 16   2      29.79             78450000        
13.06.2015 16   3      29.58             78450000        
13.06.2015 16   4      29.36             78450000        
13.06.2015 16   5      29.14             78450000        
